0 0 0 0 0 0 0 0 0 0 0 
0 0 347.2 560.6 1182.8 568.8 2178.1 3091.4 99999 99999 99999 
0 347.4 0 99999 99999 99999 1667.4 99999 99999 99999 99999 
0 560.9 99999 0 584.5 99999 99999 99999 99999 99999 99999 
0 1182.8 1335.9 587 0 709 1954.8 1750 1421.2 1152.5 1877.1 
0 578  99999 99999 709.5 0 99999 1500 1584.7 1442.3 99999 
0 2178 1667.3 99999 99999 99999 0 552.3 99999 99999 99999 
0 3089.2 99999 99999 99999 1497.7 549.3 0 1087.3 99999 99999 
0 99999 99999 99999 99999 1583.8 99999 1086 0 281 553.8 
0 99999 99999 99999 1146.7 1443.1 99999 99999 272.9 0 573 
0 99999 99999 99999 1877.2 99999 99999 99999 552.8 571.4 0


