0 0 0 0 0 0 0 0 0 0 0 
0 0.0 347.2 560.6 981.2 568.8 1874.3 2091.4 2176.5 1914.7 1868.6 
0 347.4 0.0 913.7 1334.3 627.5 1667.4 2124.5 2209.1 2066.8 1901.7 
0 560.9 914.1 0.0 584.3 639.4 2167.9 2054 1901.4 1714.7 1832.9 
0 982.7 1335.9 587 0.0 709 1954.8 1750 14212.2 1152.5 1378.3 
0 578.1 626.3 675.4 709.5 0.0 1486.5 1500 1584.7 1442.3 1277.3 
0 1878.1 1670.1 2173.9 1956.4 1488.2 0.0 552.3 1534.6 1553.2 992.5 
0 2089.3 2122.6 2056.7 1749.6 1497.7 549.4 0.0 1087.3 1105.9 534.9 
0 2175.3 2208.7 1905.8 1414.5 1583.8 1534.2 1086.1 0.0 280.9 553.8 
0 1904.3 2068 1609.7 1146.7 1443.1 1553.4 1105.2 272.9 0.0 573 
0 1930 1963.4 1834.8 1377.2 1338.5 993.3 534.1 552.9 571.4 0.0
